Timestamp: 000444.897
Protocol  : COOLIX
Code      : 0xB21F38 (24 Bits)

Desc: Power: On, Mode: 2 (Auto), Fan: 0 (Auto0), Temp: 19C, Zone Follow: Off, Sensor Temp: Off
uint16_t rawData[199] = {4422, 4356,  568, 1614,  582, 514,  578, 1608,  572, 1612,  544, 552,  542, 576,  520, 1664,  520, 580,  518, 582,  516, 1664,  516, 578,  518, 578,  518, 1668,  516, 1668,  518, 578,  518, 1670,  518, 580,  518, 578,  518, 580,  516, 1664,  516, 1668,  516, 1668,  518, 1668,  516, 1670,  516, 1668,  516, 1668,  516, 1668,  516, 578,  518, 580,  516, 580,  516, 580,  516, 584,  516, 582,  516, 580,  516, 1664,  516, 1670,  516, 1668,  514, 580,  516, 580,  516, 580,  516, 1666,  516, 1668,  516, 580,  516, 580,  518, 578,  516, 1668,  516, 1668,  516, 1670,  514, 5250,  4368, 4406,  516, 1668,  514, 580,  516, 1670,  516, 1668,  516, 580,  516, 580,  516, 1670,  516, 584,  514, 584,  516, 1666,  514, 580,  516, 580,  516, 1670,  516, 1668,  516, 580,  516, 1672,  514, 582,  516, 582,  516, 580,  514, 1666,  514, 1670,  514, 1670,  514, 1670,  516, 1670,  516, 1668,  514, 1670,  516, 1668,  514, 582,  514, 582,  514, 582,  514, 582,  516, 582,  514, 584,  514, 582,  514, 1666,  514, 1670,  514, 1670,  514, 580,  516, 582,  514, 584,  514, 1670,  512, 1670,  514, 582,  514, 582,  514, 582,  514, 1670,  514, 1670,  514, 1672,  538};  // COOLIX B21F38
uint64_t data = 0xB21F38;


Enter label for this code (then press Enter): 
✅ Saved code as: TempInc
Copy this for your sender sketch:
// Label: TempInc
uint16_t rawData[199] = {4422, 4356,  568, 1614,  582, 514,  578, 1608,  572, 1612,  544, 552,  542, 576,  520, 1664,  520, 580,  518, 582,  516, 1664,  516, 578,  518, 578,  518, 1668,  516, 1668,  518, 578,  518, 1670,  518, 580,  518, 578,  518, 580,  516, 1664,  516, 1668,  516, 1668,  518, 1668,  516, 1670,  516, 1668,  516, 1668,  516, 1668,  516, 578,  518, 580,  516, 580,  516, 580,  516, 584,  516, 582,  516, 580,  516, 1664,  516, 1670,  516, 1668,  514, 580,  516, 580,  516, 580,  516, 1666,  516, 1668,  516, 580,  516, 580,  518, 578,  516, 1668,  516, 1668,  516, 1670,  514, 5250,  4368, 4406,  516, 1668,  514, 580,  516, 1670,  516, 1668,  516, 580,  516, 580,  516, 1670,  516, 584,  514, 584,  516, 1666,  514, 580,  516, 580,  516, 1670,  516, 1668,  516, 580,  516, 1672,  514, 582,  516, 582,  516, 580,  514, 1666,  514, 1670,  514, 1670,  514, 1670,  516, 1670,  516, 1668,  514, 1670,  516, 1668,  514, 582,  514, 582,  514, 582,  514, 582,  516, 582,  514, 584,  514, 582,  514, 1666,  514, 1670,  514, 1670,  514, 580,  516, 582,  514, 584,  514, 1670,  512, 1670,  514, 582,  514, 582,  514, 582,  514, 1670,  514, 1670,  514, 1672,  538};  // COOLIX B21F38
uint64_t data = 0xB21F38;


Ready for next code...

Code      : 0xB21F18 (24 Bits)

Desc: Power: On, Mode: 2 (Auto), Fan: 0 (Auto0), Temp: 18C, Zone Follow: Off, Sensor Temp: Off
uint16_t rawData[199] = {4424, 4352,  572, 1612,  648, 448,  580, 1604,  576, 1610,  568, 546,  546, 550,  522, 1664,  518, 580,  518, 580,  518, 1664,  516, 580,  518, 578,  518, 1668,  516, 1668,  516, 578,  518, 1670,  516, 582,  518, 580,  516, 578,  518, 1664,  516, 1668,  516, 1668,  516, 1668,  516, 1670,  516, 1666,  516, 1668,  516, 1668,  516, 580,  516, 580,  518, 578,  518, 578,  516, 582,  518, 580,  516, 580,  516, 578,  518, 1662,  516, 1670,  516, 580,  516, 580,  514, 584,  516, 1666,  516, 1668,  516, 1668,  516, 580,  516, 582,  516, 1670,  516, 1668,  516, 1670,  514, 5248,  4370, 4404,  516, 1668,  514, 580,  516, 1670,  516, 1668,  514, 582,  516, 580,  516, 1670,  514, 582,  516, 582,  514, 1666,  514, 580,  516, 580,  514, 1670,  514, 1670,  514, 582,  514, 1672,  514, 582,  516, 580,  516, 580,  516, 1666,  516, 1670,  514, 1670,  516, 1670,  514, 1672,  516, 1668,  514, 1670,  516, 1670,  514, 582,  514, 580,  514, 582,  514, 580,  514, 584,  514, 584,  514, 582,  514, 582,  514, 1666,  514, 1670,  514, 582,  514, 582,  514, 584,  514, 1670,  514, 1670,  514, 1670,  514, 582,  516, 582,  514, 1670,  514, 1670,  514, 1674,  536};  // COOLIX B21F18
uint64_t data = 0xB21F18;


Enter label for this code (then press Enter): 
✅ Saved code as: TempDec
Copy this for your sender sketch:
// Label: TempDec
uint16_t rawData[199] = {4424, 4352,  572, 1612,  648, 448,  580, 1604,  576, 1610,  568, 546,  546, 550,  522, 1664,  518, 580,  518, 580,  518, 1664,  516, 580,  518, 578,  518, 1668,  516, 1668,  516, 578,  518, 1670,  516, 582,  518, 580,  516, 578,  518, 1664,  516, 1668,  516, 1668,  516, 1668,  516, 1670,  516, 1666,  516, 1668,  516, 1668,  516, 580,  516, 580,  518, 578,  518, 578,  516, 582,  518, 580,  516, 580,  516, 578,  518, 1662,  516, 1670,  516, 580,  516, 580,  514, 584,  516, 1666,  516, 1668,  516, 1668,  516, 580,  516, 582,  516, 1670,  516, 1668,  516, 1670,  514, 5248,  4370, 4404,  516, 1668,  514, 580,  516, 1670,  516, 1668,  514, 582,  516, 580,  516, 1670,  514, 582,  516, 582,  514, 1666,  514, 580,  516, 580,  514, 1670,  514, 1670,  514, 582,  514, 1672,  514, 582,  516, 580,  516, 580,  516, 1666,  516, 1670,  514, 1670,  516, 1670,  514, 1672,  516, 1668,  514, 1670,  516, 1670,  514, 582,  514, 580,  514, 582,  514, 580,  514, 584,  514, 584,  514, 582,  514, 582,  514, 1666,  514, 1670,  514, 582,  514, 582,  514, 584,  514, 1670,  514, 1670,  514, 1670,  514, 582,  516, 582,  514, 1670,  514, 1670,  514, 1674,  536};  // COOLIX B21F18
uint64_t data = 0xB21F18;


Ready for next code...


----
Timestamp: 000479.746
Protocol  : COOLIX
Code      : 0xB2BF10 (24 Bits)

Desc: Power: On, Mode: 0 (Cool), Fan: 5 (Auto), Temp: 18C, Zone Follow: Off, Sensor Temp: Off
uint16_t rawData[199] = {4428, 4346,  568, 1616,  576, 520,  548, 1636,  572, 1612,  546, 550,  542, 556,  540, 1664,  518, 580,  516, 582,  516, 1666,  516, 580,  516, 580,  516, 1668,  516, 1668,  516, 580,  516, 1670,  516, 1664,  516, 580,  516, 1668,  516, 1668,  516, 1668,  518, 1668,  516, 1668,  516, 1670,  516, 582,  516, 1664,  516, 580,  516, 580,  516, 580,  516, 580,  516, 580,  518, 580,  516, 582,  516, 580,  516, 580,  516, 1664,  516, 580,  516, 580,  516, 580,  516, 582,  516, 1666,  516, 1668,  516, 1670,  516, 580,  516, 1668,  516, 1670,  514, 1668,  516, 1668,  514, 5248,  4368, 4406,  514, 1670,  514, 580,  516, 1670,  514, 1672,  512, 582,  514, 582,  514, 1670,  516, 582,  516, 582,  516, 1666,  514, 580,  516, 582,  516, 1670,  514, 1670,  516, 580,  514, 1674,  512, 1670,  514, 580,  516, 1670,  516, 1670,  514, 1670,  514, 1670,  514, 1672,  512, 1672,  514, 584,  514, 1666,  514, 582,  514, 582,  514, 582,  514, 582,  514, 582,  514, 584,  514, 584,  514, 582,  514, 582,  514, 1668,  514, 582,  514, 582,  514, 582,  514, 584,  514, 1670,  514, 1672,  514, 1670,  514, 582,  514, 1672,  514, 1672,  512, 1672,  514, 1674,  536};  // COOLIX B2BF10
uint64_t data = 0xB2BF10;


Enter label for this code (then press Enter): 
✅ Saved code as: Mode
Copy this for your sender sketch:
// Label: Mode
uint16_t rawData[199] = {4428, 4346,  568, 1616,  576, 520,  548, 1636,  572, 1612,  546, 550,  542, 556,  540, 1664,  518, 580,  516, 582,  516, 1666,  516, 580,  516, 580,  516, 1668,  516, 1668,  516, 580,  516, 1670,  516, 1664,  516, 580,  516, 1668,  516, 1668,  516, 1668,  518, 1668,  516, 1668,  516, 1670,  516, 582,  516, 1664,  516, 580,  516, 580,  516, 580,  516, 580,  516, 580,  518, 580,  516, 582,  516, 580,  516, 580,  516, 1664,  516, 580,  516, 580,  516, 580,  516, 582,  516, 1666,  516, 1668,  516, 1670,  516, 580,  516, 1668,  516, 1670,  514, 1668,  516, 1668,  514, 5248,  4368, 4406,  514, 1670,  514, 580,  516, 1670,  514, 1672,  512, 582,  514, 582,  514, 1670,  516, 582,  516, 582,  516, 1666,  514, 580,  516, 582,  516, 1670,  514, 1670,  516, 580,  514, 1674,  512, 1670,  514, 580,  516, 1670,  516, 1670,  514, 1670,  514, 1670,  514, 1672,  512, 1672,  514, 584,  514, 1666,  514, 582,  514, 582,  514, 582,  514, 582,  514, 582,  514, 584,  514, 584,  514, 582,  514, 582,  514, 1668,  514, 582,  514, 582,  514, 582,  514, 584,  514, 1670,  514, 1672,  514, 1670,  514, 582,  514, 1672,  514, 1672,  512, 1672,  514, 1674,  536};  // COOLIX B2BF10
uint64_t data = 0xB2BF10;


Ready for next code...

Desc: Power: On, Mode: 0 (Cool), Fan: 5 (Auto), Temp: 17C, Zone Follow: Off, Sensor Temp: Off
uint16_t rawData[199] = {4424, 4348,  570, 1614,  578, 518,  574, 1610,  572, 1614,  542, 552,  542, 576,  518, 1666,  518, 578,  518, 580,  518, 1664,  516, 580,  516, 578,  518, 1668,  516, 1668,  518, 578,  518, 1670,  516, 1666,  516, 580,  516, 1668,  518, 1668,  516, 1668,  516, 1668,  516, 1668,  516, 1670,  516, 582,  516, 1664,  516, 580,  516, 580,  516, 580,  516, 580,  516, 580,  516, 582,  516, 582,  516, 580,  516, 580,  516, 578,  518, 580,  516, 580,  516, 580,  516, 582,  516, 1672,  516, 1668,  516, 1668,  516, 1668,  514, 1670,  516, 1670,  516, 1668,  516, 1670,  514, 5272,  4370, 4406,  514, 1670,  514, 580,  518, 1668,  516, 1668,  516, 582,  516, 580,  516, 1670,  514, 584,  516, 582,  516, 1666,  514, 582,  514, 582,  514, 1670,  516, 1670,  514, 582,  514, 1672,  514, 1668,  514, 580,  516, 1670,  514, 1670,  516, 1668,  516, 1670,  516, 1670,  516, 1672,  516, 582,  514, 1666,  516, 580,  516, 580,  514, 582,  514, 582,  516, 580,  514, 584,  514, 584,  514, 582,  514, 582,  514, 582,  514, 582,  514, 582,  514, 580,  514, 584,  514, 1674,  514, 1670,  514, 1670,  514, 1670,  514, 1670,  514, 1670,  514, 1670,  514, 1674,  538};  // COOLIX B2BF00
uint64_t data = 0xB2BF00;


Enter label for this code (then press Enter): 
✅ Saved code as: SwitchOn
Copy this for your sender sketch:
// Label: SwitchOn
uint16_t rawData[199] = {4424, 4348,  570, 1614,  578, 518,  574, 1610,  572, 1614,  542, 552,  542, 576,  518, 1666,  518, 578,  518, 580,  518, 1664,  516, 580,  516, 578,  518, 1668,  516, 1668,  518, 578,  518, 1670,  516, 1666,  516, 580,  516, 1668,  518, 1668,  516, 1668,  516, 1668,  516, 1668,  516, 1670,  516, 582,  516, 1664,  516, 580,  516, 580,  516, 580,  516, 580,  516, 580,  516, 582,  516, 582,  516, 580,  516, 580,  516, 578,  518, 580,  516, 580,  516, 580,  516, 582,  516, 1672,  516, 1668,  516, 1668,  516, 1668,  514, 1670,  516, 1670,  516, 1668,  516, 1670,  514, 5272,  4370, 4406,  514, 1670,  514, 580,  518, 1668,  516, 1668,  516, 582,  516, 580,  516, 1670,  514, 584,  516, 582,  516, 1666,  514, 582,  514, 582,  514, 1670,  516, 1670,  514, 582,  514, 1672,  514, 1668,  514, 580,  516, 1670,  514, 1670,  516, 1668,  516, 1670,  516, 1670,  516, 1672,  516, 582,  514, 1666,  516, 580,  516, 580,  514, 582,  514, 582,  516, 580,  514, 584,  514, 584,  514, 582,  514, 582,  514, 582,  514, 582,  514, 582,  514, 580,  514, 584,  514, 1674,  514, 1670,  514, 1670,  514, 1670,  514, 1670,  514, 1670,  514, 1670,  514, 1674,  538};  // COOLIX B2BF00
uint64_t data = 0xB2BF00;


Ready for next code...


----
Timestamp: 000320.931
Protocol  : COOLIX
Code      : 0xB27BE0 (24 Bits)

Desc: Power: Off
uint16_t rawData[199] = {4420, 4348,  572, 1612,  548, 548,  548, 1638,  570, 1614,  544, 552,  542, 576,  520, 1664,  518, 580,  518, 582,  516, 1664,  516, 580,  516, 580,  516, 1668,  516, 1668,  516, 578,  516, 1670,  516, 582,  516, 1664,  516, 1668,  516, 1668,  514, 1668,  516, 580,  516, 1668,  514, 1672,  516, 1666,  516, 580,  516, 580,  518, 578,  518, 578,  516, 1668,  516, 580,  516, 582,  516, 1666,  516, 1668,  516, 1670,  514, 580,  516, 580,  516, 580,  516, 580,  516, 582,  516, 582,  516, 580,  516, 580,  516, 1666,  514, 1670,  514, 1670,  516, 1668,  516, 1670,  516, 5246,  4368, 4406,  514, 1670,  516, 580,  516, 1670,  514, 1670,  516, 580,  516, 580,  514, 1670,  516, 582,  514, 584,  516, 1666,  514, 582,  514, 582,  514, 1670,  516, 1668,  516, 580,  514, 1672,  514, 584,  514, 1666,  514, 1668,  514, 1670,  514, 1670,  516, 580,  514, 1670,  516, 1672,  514, 1668,  514, 582,  516, 580,  514, 582,  514, 582,  516, 1670,  514, 582,  514, 584,  514, 1668,  514, 1670,  514, 1672,  512, 582,  514, 582,  514, 582,  512, 582,  514, 586,  512, 584,  514, 584,  514, 582,  512, 1668,  514, 1670,  514, 1670,  514, 1670,  514, 1674,  536};  // COOLIX B27BE0
uint64_t data = 0xB27BE0;


Enter label for this code (then press Enter): 
✅ Saved code as: SwitchOff
Copy this for your sender sketch:
// Label: SwitchOff
uint16_t rawData[199] = {4420, 4348,  572, 1612,  548, 548,  548, 1638,  570, 1614,  544, 552,  542, 576,  520, 1664,  518, 580,  518, 582,  516, 1664,  516, 580,  516, 580,  516, 1668,  516, 1668,  516, 578,  516, 1670,  516, 582,  516, 1664,  516, 1668,  516, 1668,  514, 1668,  516, 580,  516, 1668,  514, 1672,  516, 1666,  516, 580,  516, 580,  518, 578,  518, 578,  516, 1668,  516, 580,  516, 582,  516, 1666,  516, 1668,  516, 1670,  514, 580,  516, 580,  516, 580,  516, 580,  516, 582,  516, 582,  516, 580,  516, 580,  516, 1666,  514, 1670,  514, 1670,  516, 1668,  516, 1670,  516, 5246,  4368, 4406,  514, 1670,  516, 580,  516, 1670,  514, 1670,  516, 580,  516, 580,  514, 1670,  516, 582,  514, 584,  516, 1666,  514, 582,  514, 582,  514, 1670,  516, 1668,  516, 580,  514, 1672,  514, 584,  514, 1666,  514, 1668,  514, 1670,  514, 1670,  516, 580,  514, 1670,  516, 1672,  514, 1668,  514, 582,  516, 580,  514, 582,  514, 582,  516, 1670,  514, 582,  514, 584,  514, 1668,  514, 1670,  514, 1672,  512, 582,  514, 582,  514, 582,  512, 582,  514, 586,  512, 584,  514, 584,  514, 582,  512, 1668,  514, 1670,  514, 1670,  514, 1670,  514, 1674,  536};  // COOLIX B27BE0
uint64_t data = 0xB27BE0;


Ready for next code...

Timestamp: 000492.405
Protocol  : COOLIX
Code      : 0xB29F10 (24 Bits)

Desc: Power: On, Mode: 0 (Cool), Fan: 4 (Min), Temp: 18C, Zone Follow: Off, Sensor Temp: Off
uint16_t rawData[199] = {4434, 4348,  548, 1638,  546, 548,  548, 1638,  548, 1638,  544, 552,  542, 556,  540, 1666,  518, 580,  516, 580,  518, 1664,  516, 578,  518, 580,  516, 1668,  516, 1668,  518, 578,  516, 1670,  516, 1666,  516, 578,  518, 580,  516, 1668,  516, 1668,  518, 1666,  516, 1668,  518, 1670,  516, 582,  516, 1664,  516, 1670,  514, 580,  518, 578,  516, 580,  516, 580,  516, 582,  516, 582,  516, 580,  516, 580,  516, 1664,  516, 580,  516, 578,  516, 580,  516, 582,  516, 1666,  516, 1668,  516, 1668,  516, 580,  516, 1668,  516, 1668,  516, 1668,  516, 1670,  514, 5246,  4370, 4406,  514, 1670,  514, 582,  516, 1668,  516, 1670,  514, 582,  514, 582,  514, 1670,  514, 584,  516, 582,  516, 1666,  514, 582,  514, 582,  514, 1670,  514, 1670,  514, 582,  514, 1672,  516, 1666,  516, 582,  514, 582,  514, 1670,  516, 1668,  516, 1668,  516, 1670,  514, 1672,  514, 584,  514, 1666,  514, 1670,  514, 582,  514, 582,  516, 580,  514, 582,  514, 584,  514, 584,  514, 582,  514, 582,  514, 1666,  514, 582,  514, 582,  514, 584,  514, 584,  514, 1670,  514, 1670,  514, 1670,  514, 582,  514, 1670,  514, 1670,  514, 1672,  514, 1672,  538};  // COOLIX B29F10
uint64_t data = 0xB29F10;


Enter label for this code (then press Enter): 
✅ Saved code as: Fan
Copy this for your sender sketch:
// Label: Fan
uint16_t rawData[199] = {4434, 4348,  548, 1638,  546, 548,  548, 1638,  548, 1638,  544, 552,  542, 556,  540, 1666,  518, 580,  516, 580,  518, 1664,  516, 578,  518, 580,  516, 1668,  516, 1668,  518, 578,  516, 1670,  516, 1666,  516, 578,  518, 580,  516, 1668,  516, 1668,  518, 1666,  516, 1668,  518, 1670,  516, 582,  516, 1664,  516, 1670,  514, 580,  518, 578,  516, 580,  516, 580,  516, 582,  516, 582,  516, 580,  516, 580,  516, 1664,  516, 580,  516, 578,  516, 580,  516, 582,  516, 1666,  516, 1668,  516, 1668,  516, 580,  516, 1668,  516, 1668,  516, 1668,  516, 1670,  514, 5246,  4370, 4406,  514, 1670,  514, 582,  516, 1668,  516, 1670,  514, 582,  514, 582,  514, 1670,  514, 584,  516, 582,  516, 1666,  514, 582,  514, 582,  514, 1670,  514, 1670,  514, 582,  514, 1672,  516, 1666,  516, 582,  514, 582,  514, 1670,  516, 1668,  516, 1668,  516, 1670,  514, 1672,  514, 584,  514, 1666,  514, 1670,  514, 582,  514, 582,  516, 580,  514, 582,  514, 584,  514, 584,  514, 582,  514, 582,  514, 1666,  514, 582,  514, 582,  514, 584,  514, 584,  514, 1670,  514, 1670,  514, 1670,  514, 582,  514, 1670,  514, 1670,  514, 1672,  514, 1672,  538};  // COOLIX B29F10
uint64_t data = 0xB29F10;


Ready for next code...

Protocol  : COOLIX
Code      : 0xB20FE0 (24 Bits)

Desc: Power: On, Swing(V): Step
uint16_t rawData[99] = {4444, 4350,  572, 1612,  574, 522,  546, 1638,  572, 1612,  544, 552,  542, 556,  540, 1664,  518, 580,  518, 582,  516, 1664,  516, 580,  516, 578,  518, 1666,  516, 1668,  516, 580,  516, 1670,  516, 582,  516, 580,  516, 580,  516, 580,  516, 1664,  516, 1668,  516, 1670,  516, 1670,  516, 1666,  516, 1668,  516, 1668,  516, 1668,  516, 580,  516, 580,  516, 580,  516, 582,  516, 1666,  516, 1668,  516, 1668,  516, 580,  516, 580,  516, 580,  516, 580,  516, 582,  518, 582,  514, 582,  514, 580,  516, 1666,  516, 1668,  516, 1670,  514, 1670,  516, 1670,  514};  // COOLIX B20FE0
uint64_t data = 0xB20FE0;


Enter label for this code (then press Enter): 
✅ Saved code as: swing
Copy this for your sender sketch:
// Label: swing
uint16_t rawData[99] = {4444, 4350,  572, 1612,  574, 522,  546, 1638,  572, 1612,  544, 552,  542, 556,  540, 1664,  518, 580,  518, 582,  516, 1664,  516, 580,  516, 578,  518, 1666,  516, 1668,  516, 580,  516, 1670,  516, 582,  516, 580,  516, 580,  516, 580,  516, 1664,  516, 1668,  516, 1670,  516, 1670,  516, 1666,  516, 1668,  516, 1668,  516, 1668,  516, 580,  516, 580,  516, 580,  516, 582,  516, 1666,  516, 1668,  516, 1668,  516, 580,  516, 580,  516, 580,  516, 580,  516, 582,  518, 582,  514, 582,  514, 580,  516, 1666,  516, 1668,  516, 1670,  514, 1670,  516, 1670,  514};  // COOLIX B20FE0
uint64_t data = 0xB20FE0;


Ready for next code...


----
Timestamp: 000516.444
Protocol  : COOLIX
Code      : 0xB29FC0 (24 Bits)

Desc: Power: On, Mode: 0 (Cool), Fan: 4 (Min), Temp: 25C, Zone Follow: Off, Sensor Temp: Off
uint16_t rawData[199] = {4430, 4354,  574, 1610,  546, 550,  546, 1638,  572, 1614,  544, 550,  544, 576,  518, 1666,  518, 580,  518, 580,  516, 1664,  516, 578,  516, 580,  516, 1670,  516, 1668,  514, 582,  516, 1670,  516, 1666,  516, 580,  516, 580,  516, 1668,  516, 1670,  516, 1670,  516, 1668,  516, 1670,  516, 582,  516, 1664,  516, 1668,  516, 580,  516, 580,  516, 580,  516, 580,  516, 582,  516, 1668,  516, 1670,  516, 580,  516, 580,  514, 582,  516, 582,  514, 580,  516, 582,  516, 582,  516, 582,  514, 1666,  514, 1670,  516, 1668,  516, 1668,  516, 1670,  514, 1670,  514, 5248,  4368, 4406,  514, 1668,  516, 580,  516, 1668,  514, 1670,  516, 580,  516, 580,  514, 1670,  514, 582,  516, 584,  514, 1666,  514, 580,  516, 582,  514, 1670,  514, 1670,  516, 580,  514, 1672,  514, 1668,  514, 582,  514, 582,  516, 1670,  514, 1670,  512, 1672,  514, 1670,  514, 1672,  514, 584,  514, 1668,  514, 1670,  514, 582,  514, 582,  514, 582,  514, 582,  514, 584,  514, 1670,  514, 1670,  514, 582,  514, 584,  514, 582,  514, 582,  514, 584,  514, 584,  514, 584,  514, 582,  512, 1668,  514, 1670,  514, 1672,  512, 1670,  514, 1672,  512, 1676,  536};  // COOLIX B29FC0
uint64_t data = 0xB29FC0;


Enter label for this code (then press Enter): 
✅ Saved code as: EnergySaver
Copy this for your sender sketch:
// Label: EnergySaver
uint16_t rawData[199] = {4430, 4354,  574, 1610,  546, 550,  546, 1638,  572, 1614,  544, 550,  544, 576,  518, 1666,  518, 580,  518, 580,  516, 1664,  516, 578,  516, 580,  516, 1670,  516, 1668,  514, 582,  516, 1670,  516, 1666,  516, 580,  516, 580,  516, 1668,  516, 1670,  516, 1670,  516, 1668,  516, 1670,  516, 582,  516, 1664,  516, 1668,  516, 580,  516, 580,  516, 580,  516, 580,  516, 582,  516, 1668,  516, 1670,  516, 580,  516, 580,  514, 582,  516, 582,  514, 580,  516, 582,  516, 582,  516, 582,  514, 1666,  514, 1670,  516, 1668,  516, 1668,  516, 1670,  514, 1670,  514, 5248,  4368, 4406,  514, 1668,  516, 580,  516, 1668,  514, 1670,  516, 580,  516, 580,  514, 1670,  514, 582,  516, 584,  514, 1666,  514, 580,  516, 582,  514, 1670,  514, 1670,  516, 580,  514, 1672,  514, 1668,  514, 582,  514, 582,  516, 1670,  514, 1670,  512, 1672,  514, 1670,  514, 1672,  514, 584,  514, 1668,  514, 1670,  514, 582,  514, 582,  514, 582,  514, 582,  514, 584,  514, 1670,  514, 1670,  514, 582,  514, 584,  514, 582,  514, 582,  514, 584,  514, 584,  514, 584,  514, 582,  512, 1668,  514, 1670,  514, 1672,  512, 1670,  514, 1672,  512, 1676,  536};  // COOLIX B29FC0
uint64_t data = 0xB29FC0;


Ready for next code...
Timestamp: 000579.497
Protocol  : COOLIX
Code      : 0xB5F5B4 (24 Bits)

Desc: Power: On, Mode: 1 (Dry), Fan: 7 (Fixed), Temp: 30C, Zone Follow: Off, Sensor Temp: 21C
uint16_t rawData[199] = {4418, 4346,  576, 1608,  546, 550,  546, 1638,  548, 1636,  546, 550,  544, 1644,  540, 576,  518, 1668,  518, 582,  516, 1664,  516, 578,  518, 580,  516, 1668,  516, 580,  516, 1668,  516, 580,  516, 1668,  516, 1668,  516, 1668,  516, 1668,  518, 578,  518, 1668,  516, 580,  516, 1672,  516, 582,  516, 580,  516, 580,  516, 580,  516, 1664,  516, 580,  516, 1668,  516, 582,  514, 1668,  516, 580,  516, 1668,  516, 1668,  516, 580,  516, 1670,  514, 580,  516, 582,  516, 584,  516, 1664,  516, 580,  516, 580,  516, 1670,  514, 580,  516, 1670,  516, 1670,  514, 5248,  4368, 4406,  514, 1670,  516, 580,  516, 1670,  514, 1670,  514, 582,  514, 1670,  514, 582,  514, 1672,  514, 584,  514, 1668,  514, 580,  516, 582,  514, 1670,  514, 580,  516, 1668,  514, 584,  514, 1668,  514, 1670,  514, 1670,  514, 1670,  514, 582,  514, 1670,  514, 582,  514, 1672,  514, 584,  514, 582,  514, 582,  514, 582,  514, 1666,  514, 582,  516, 1670,  514, 584,  512, 1670,  514, 582,  514, 1670,  514, 1672,  512, 584,  512, 1672,  514, 582,  514, 584,  514, 584,  514, 1666,  514, 582,  514, 582,  514, 1670,  514, 582,  514, 1670,  514, 1674,  536};  // COOLIX B5F5B4
uint64_t data = 0xB5F5B4;


Enter label for this code (then press Enter): 
✅ Saved code as: Turbo
Copy this for your sender sketch:
// Label: Turbo
uint16_t rawData[199] = {4418, 4346,  576, 1608,  546, 550,  546, 1638,  548, 1636,  546, 550,  544, 1644,  540, 576,  518, 1668,  518, 582,  516, 1664,  516, 578,  518, 580,  516, 1668,  516, 580,  516, 1668,  516, 580,  516, 1668,  516, 1668,  516, 1668,  516, 1668,  518, 578,  518, 1668,  516, 580,  516, 1672,  516, 582,  516, 580,  516, 580,  516, 580,  516, 1664,  516, 580,  516, 1668,  516, 582,  514, 1668,  516, 580,  516, 1668,  516, 1668,  516, 580,  516, 1670,  514, 580,  516, 582,  516, 584,  516, 1664,  516, 580,  516, 580,  516, 1670,  514, 580,  516, 1670,  516, 1670,  514, 5248,  4368, 4406,  514, 1670,  516, 580,  516, 1670,  514, 1670,  514, 582,  514, 1670,  514, 582,  514, 1672,  514, 584,  514, 1668,  514, 580,  516, 582,  514, 1670,  514, 580,  516, 1668,  514, 584,  514, 1668,  514, 1670,  514, 1670,  514, 1670,  514, 582,  514, 1670,  514, 582,  514, 1672,  514, 584,  514, 582,  514, 582,  514, 582,  514, 1666,  514, 582,  516, 1670,  514, 584,  512, 1670,  514, 582,  514, 1670,  514, 1672,  512, 584,  512, 1672,  514, 582,  514, 584,  514, 584,  514, 1666,  514, 582,  514, 582,  514, 1670,  514, 582,  514, 1670,  514, 1674,  536};  // COOLIX B5F5B4
uint64_t data = 0xB5F5B4;


Ready for next code...

Timestamp: 000612.767
Protocol  : BOSCH144
Code      : 0xB24DE01F03FCB24DBF4010EFB24DBF4010EF (144 Bits)

Desc: Power: On, Mode: 1 (UNKNOWN), Fan: 0 (Auto), Temp: 17C, Quiet: On
uint16_t rawData[299] = {4432, 4350,  548, 1636,  548, 548,  546, 1638,  548, 1638,  544, 550,  544, 554,  542, 1666,  518, 580,  518, 580,  516, 1664,  516, 580,  516, 580,  518, 1666,  518, 1666,  516, 580,  516, 1670,  516, 1666,  518, 1668,  516, 1668,  516, 580,  516, 580,  516, 580,  516, 580,  516, 582,  516, 580,  518, 580,  516, 580,  516, 1664,  516, 1668,  516, 1668,  516, 1670,  516, 1670,  516, 582,  516, 580,  516, 580,  516, 580,  516, 580,  516, 580,  516, 1666,  516, 1670,  516, 1666,  516, 1668,  516, 1670,  516, 1668,  516, 1670,  516, 1668,  516, 580,  516, 582,  516, 5248,  4368, 4406,  516, 1670,  514, 580,  516, 1668,  516, 1670,  516, 580,  516, 580,  516, 1670,  516, 582,  516, 582,  516, 1666,  514, 582,  514, 580,  514, 1670,  516, 1668,  514, 582,  514, 1672,  514, 1668,  514, 582,  514, 1670,  516, 1670,  514, 1670,  514, 1670,  514, 1670,  514, 1672,  516, 582,  514, 1666,  514, 582,  514, 582,  514, 582,  514, 582,  514, 582,  514, 584,  514, 584,  514, 582,  514, 582,  514, 1666,  514, 582,  514, 582,  512, 582,  514, 584,  514, 1670,  512, 1672,  512, 1672,  514, 582,  514, 1672,  512, 1672,  514, 1672,  512, 1672,  514, 5250,  4366, 4408,  512, 1672,  512, 584,  512, 1674,  512, 1674,  510, 586,  512, 586,  510, 1698,  488, 610,  488, 608,  490, 1692,  490, 606,  488, 608,  488, 1698,  486, 1698,  488, 608,  488, 1700,  488, 1694,  490, 608,  488, 1698,  488, 1698,  488, 1696,  488, 1698,  486, 1698,  488, 1698,  486, 610,  488, 1692,  488, 608,  488, 608,  486, 610,  488, 608,  488, 608,  486, 612,  486, 612,  488, 608,  488, 608,  488, 1694,  486, 610,  486, 610,  486, 610,  486, 612,  486, 1696,  486, 1698,  486, 1698,  486, 610,  486, 1700,  486, 1698,  486, 1698,  488, 1700,  512};  // BOSCH144
uint8_t state[18] = {0xB2, 0x4D, 0xE0, 0x1F, 0x03, 0xFC, 0xB2, 0x4D, 0xBF, 0x40, 0x10, 0xEF, 0xB2, 0x4D, 0xBF, 0x40, 0x10, 0xEF};


Enter label for this code (then press Enter): 
✅ Saved code as: SleepDisplay
Copy this for your sender sketch:
// Label: SleepDisplay
uint16_t rawData[299] = {4432, 4350,  548, 1636,  548, 548,  546, 1638,  548, 1638,  544, 550,  544, 554,  542, 1666,  518, 580,  518, 580,  516, 1664,  516, 580,  516, 580,  518, 1666,  518, 1666,  516, 580,  516, 1670,  516, 1666,  518, 1668,  516, 1668,  516, 580,  516, 580,  516, 580,  516, 580,  516, 582,  516, 580,  518, 580,  516, 580,  516, 1664,  516, 1668,  516, 1668,  516, 1670,  516, 1670,  516, 582,  516, 580,  516, 580,  516, 580,  516, 580,  516, 580,  516, 1666,  516, 1670,  516, 1666,  516, 1668,  516, 1670,  516, 1668,  516, 1670,  516, 1668,  516, 580,  516, 582,  516, 5248,  4368, 4406,  516, 1670,  514, 580,  516, 1668,  516, 1670,  516, 580,  516, 580,  516, 1670,  516, 582,  516, 582,  516, 1666,  514, 582,  514, 580,  514, 1670,  516, 1668,  514, 582,  514, 1672,  514, 1668,  514, 582,  514, 1670,  516, 1670,  514, 1670,  514, 1670,  514, 1670,  514, 1672,  516, 582,  514, 1666,  514, 582,  514, 582,  514, 582,  514, 582,  514, 582,  514, 584,  514, 584,  514, 582,  514, 582,  514, 1666,  514, 582,  514, 582,  512, 582,  514, 584,  514, 1670,  512, 1672,  512, 1672,  514, 582,  514, 1672,  512, 1672,  514, 1672,  512, 1672,  514, 5250,  4366, 4408,  512, 1672,  512, 584,  512, 1674,  512, 1674,  510, 586,  512, 586,  510, 1698,  488, 610,  488, 608,  490, 1692,  490, 606,  488, 608,  488, 1698,  486, 1698,  488, 608,  488, 1700,  488, 1694,  490, 608,  488, 1698,  488, 1698,  488, 1696,  488, 1698,  486, 1698,  488, 1698,  486, 610,  488, 1692,  488, 608,  488, 608,  486, 610,  488, 608,  488, 608,  486, 612,  486, 612,  488, 608,  488, 608,  488, 1694,  486, 610,  486, 610,  486, 610,  486, 612,  486, 1696,  486, 1698,  486, 1698,  486, 610,  486, 1700,  486, 1698,  486, 1698,  488, 1700,  512};  // BOSCH144
uint8_t state[18] = {0xB2, 0x4D, 0xE0, 0x1F, 0x03, 0xFC, 0xB2, 0x4D, 0xBF, 0x40, 0x10, 0xEF, 0xB2, 0x4D, 0xBF, 0x40, 0x10, 0xEF};


Ready for next code...


----
Timestamp: 000627.457
Protocol  : TEKNOPOINT
Code      : 0x23CB260100000000000000B500CA (112 Bits)

Desc: Model: 2 (GZ055BE1), Type: 1, Power: Off, Mode: 0 (UNKNOWN), Temp: 31C, Fan: 0 (Auto), Swing(V): 0 (Auto), On Timer: Off, Off Timer: Off
uint16_t rawData[227] = {3858, 1384,  650, 1094,  652, 1094,  626, 424,  626, 422,  622, 426,  620, 1126,  618, 450,  596, 454,  596, 1148,  594, 1150,  594, 452,  596, 1150,  594, 452,  596, 454,  594, 1150,  594, 1152,  594, 456,  594, 1148,  594, 1150,  594, 454,  594, 452,  594, 1152,  594, 454,  594, 456,  594, 1148,  594, 454,  594, 454,  596, 454,  594, 454,  594, 454,  594, 454,  594, 456,  594, 456,  594, 454,  594, 454,  594, 454,  594, 454,  594, 454,  594, 454,  594, 456,  594, 456,  594, 456,  592, 456,  594, 454,  594, 454,  594, 454,  594, 454,  594, 456,  594, 456,  594, 454,  594, 454,  594, 454,  594, 456,  592, 454,  594, 454,  594, 456,  594, 456,  594, 456,  592, 454,  594, 456,  592, 456,  594, 454,  594, 454,  592, 458,  594, 456,  594, 454,  594, 454,  594, 454,  592, 456,  592, 456,  592, 454,  594, 458,  592, 458,  592, 456,  592, 456,  592, 456,  594, 454,  594, 456,  592, 456,  592, 458,  592, 458,  592, 456,  594, 456,  592, 456,  594, 456,  592, 456,  592, 456,  592, 458,  592, 1154,  592, 456,  592, 1152,  592, 456,  592, 1152,  592, 1152,  592, 456,  592, 1156,  590, 460,  590, 456,  592, 458,  592, 456,  590, 458,  592, 456,  590, 458,  592, 460,  590, 458,  592, 1154,  590, 456,  592, 1154,  590, 456,  592, 458,  590, 1154,  590, 1158,  590};  // TEKNOPOINT
uint8_t state[14] = {0x23, 0xCB, 0x26, 0x01, 0x00, 0x00, 0x00, 0x00, 0x00, 0x00, 0x00, 0xB5, 0x00, 0xCA};


Enter label for this code (then press Enter): 
✅ Saved code as: iCool
Copy this for your sender sketch:
// Label: iCool
uint16_t rawData[227] = {3858, 1384,  650, 1094,  652, 1094,  626, 424,  626, 422,  622, 426,  620, 1126,  618, 450,  596, 454,  596, 1148,  594, 1150,  594, 452,  596, 1150,  594, 452,  596, 454,  594, 1150,  594, 1152,  594, 456,  594, 1148,  594, 1150,  594, 454,  594, 452,  594, 1152,  594, 454,  594, 456,  594, 1148,  594, 454,  594, 454,  596, 454,  594, 454,  594, 454,  594, 454,  594, 456,  594, 456,  594, 454,  594, 454,  594, 454,  594, 454,  594, 454,  594, 454,  594, 456,  594, 456,  594, 456,  592, 456,  594, 454,  594, 454,  594, 454,  594, 454,  594, 456,  594, 456,  594, 454,  594, 454,  594, 454,  594, 456,  592, 454,  594, 454,  594, 456,  594, 456,  594, 456,  592, 454,  594, 456,  592, 456,  594, 454,  594, 454,  592, 458,  594, 456,  594, 454,  594, 454,  594, 454,  592, 456,  592, 456,  592, 454,  594, 458,  592, 458,  592, 456,  592, 456,  592, 456,  594, 454,  594, 456,  592, 456,  592, 458,  592, 458,  592, 456,  594, 456,  592, 456,  594, 456,  592, 456,  592, 456,  592, 458,  592, 1154,  592, 456,  592, 1152,  592, 456,  592, 1152,  592, 1152,  592, 456,  592, 1156,  590, 460,  590, 456,  592, 458,  592, 456,  590, 458,  592, 456,  590, 458,  592, 460,  590, 458,  592, 1154,  590, 456,  592, 1154,  590, 456,  592, 458,  590, 1154,  590, 1158,  590};  // TEKNOPOINT
uint8_t state[14] = {0x23, 0xCB, 0x26, 0x01, 0x00, 0x00, 0x00, 0x00, 0x00, 0x00, 0x00, 0xB5, 0x00, 0xCA};


Ready for next code...
